1648362199260311553
1648362198320787457
1648362195594641408
1648362193749155841
1648362192192798721
1648362189680525316
1648362189491773445
1648362174950129668
1648362166775427073
1648362163239632897
1648362145783119873
1648362138065305600
1648362135628525570
1648362132046577665
1648362128401727488
1648362126703042560
1648362121657217027
1648362118465347584
1648362116074684422
1648362114552152067
1648362112958476288
1648362103298830337
1648362101772001282
1648362094935285761
1648362089008844801
1648362084118192128
1648362082050482176
1648362079835811841
1648362079169175552
1648362077747134464
1648362076354625542
1648362072449638400
1648362070486777857
1648362070444851209
1648362065248108551
1648362065004748801
1648362064778280961
1648362062345814017
1648362047401328642
1648362045908107264
1648362043081367553
1648362041957023744
1648362027906203650
1648362023103733760
1648362019584704512
1648362018351595521
1648362016636125191
1648362011489599489
1648362010147536897
1648362005097480192
